Create brain mask
[CMD]: CBIG_preproc_create_mask.csh -s 8BY87 -d /fslhome/summerf/fsl_groups/fslg_rdoc/compute/RDoC_subs/yeo_pipeline_output_3 -anat_s 150630_RV22YN_31676293 -anat_d /fslhome/summerf/fsl_groups/fslg_rdoc/compute/rdoc_freesurfer -bld 001 002 003 004 -REG_stem _rest_skip0_reg -MASK_stem _rest_skip0 -csf -csf_max_erode 1 -erode_space anat
[MASK]: boldfolder = /fslhome/summerf/fsl_groups/fslg_rdoc/compute/RDoC_subs/yeo_pipeline_output_3/8BY87/bold
[MASK]: zpdbold = 001 002 003 004
[MASK]: mask_bold = 003
[MASK]: boldfile = 8BY87_bld003_rest_skip0
[MASK]: reg = 8BY87_bld003_rest_skip0_reg.dat
======================= Create csf mask =======================
mri_binarize --i /fslhome/summerf/fsl_groups/fslg_rdoc/compute/rdoc_freesurfer/150630_RV22YN_31676293/mri/aparc+aseg.mgz --ventricles --erode 0 --o mask/8BY87.anat.ventricles_erode0.nii.gz

$Id: mri_binarize.c,v 1.26.2.1 2011/04/08 15:40:50 greve Exp $
cwd /panfs/pan.fsl.byu.edu/scr/grp/fslg_rdoc/RDoC_subs/yeo_pipeline_output_3/8BY87/bold
cmdline mri_binarize --i /fslhome/summerf/fsl_groups/fslg_rdoc/compute/rdoc_freesurfer/150630_RV22YN_31676293/mri/aparc+aseg.mgz --ventricles --erode 0 --o mask/8BY87.anat.ventricles_erode0.nii.gz 
sysname  Linux
hostname m8-20-7.rc.byu.edu
machine  x86_64
user     summerf

input      /fslhome/summerf/fsl_groups/fslg_rdoc/compute/rdoc_freesurfer/150630_RV22YN_31676293/mri/aparc+aseg.mgz
frame      0
nErode3d   0
nErode2d   0
output     mask/8BY87.anat.ventricles_erode0.nii.gz
Binarizing based on matching values
nMatch 8
 0     4
 1     5
 2    14
 3    43
 4    44
 5    72
 6    31
 7    63
binval        1
binvalnot     0
Found 7108 values in range
Counting number of voxels
Found 7108 voxels in final mask
mri_binarize done
mri_label2vol --seg mask/8BY87.anat.ventricles_erode0.nii.gz --temp 003/8BY87_bld003_rest_skip0.nii.gz --reg 003/8BY87_bld003_rest_skip0_reg.dat --o mask/8BY87.func.ventricles_erode0.nii.gz
Number of labels: 0
Annot File:      (null)
Template Volume: 003/8BY87_bld003_rest_skip0.nii.gz
Outut Volume: mask/8BY87.func.ventricles_erode0.nii.gz
Registration File: 003/8BY87_bld003_rest_skip0_reg.dat
Fill Threshold: 0
Label Vox Vol:  1
ProjType:       (null)
ProjTypeId:     0
ProjStart:      0
ProjStop:       0
ProjDelta:      0.1
Subject:  (null)
Hemi:     (null)
UseNewASeg2Vol:  1
DoLabelStatVol  0
LabelCodeOffset  0
setenv SUBJECTS_DIR /fslhome/summerf/fsl_groups/fslg_rdoc/compute/rdoc_freesurfer
$Id: mri_label2vol.c,v 1.34.2.5 2012/06/08 17:31:03 greve Exp $
Template RAS-to-Vox: --------
-0.500   0.000   0.000   55.000;
-0.000  -0.000  -0.500   55.000;
-0.000   0.500  -0.000   34.000;
 0.000   0.000   0.000   1.000;
Template Voxel Volume: 8
nHits Thresh: 0
Loading registration from 003/8BY87_bld003_rest_skip0_reg.dat
RegMat: --------
 1.000  -0.011  -0.011  -0.776;
 0.011  -0.067   0.998  -20.910;
-0.012  -0.998  -0.067  -4.416;
 0.000   0.000   0.000   1.000;
Label RAS-to-Vox: --------
-0.500   0.006   0.006   55.388;
 0.006   0.499   0.033   57.208;
 0.005  -0.033   0.499   23.545;
 0.000   0.000   0.000   1.000;
ASeg2Vol: Building LUT
ASeg2Vol: Sorting 
ASeg2Vol: Mapping
ASeg2Vol: Reverse Map
nmisses = 0 (0 filled)
ASeg2Vol: done
mri_binarize --i /fslhome/summerf/fsl_groups/fslg_rdoc/compute/rdoc_freesurfer/150630_RV22YN_31676293/mri/aparc+aseg.mgz --ventricles --erode 1 --o mask/8BY87.anat.ventricles_erode1.nii.gz

$Id: mri_binarize.c,v 1.26.2.1 2011/04/08 15:40:50 greve Exp $
cwd /panfs/pan.fsl.byu.edu/scr/grp/fslg_rdoc/RDoC_subs/yeo_pipeline_output_3/8BY87/bold
cmdline mri_binarize --i /fslhome/summerf/fsl_groups/fslg_rdoc/compute/rdoc_freesurfer/150630_RV22YN_31676293/mri/aparc+aseg.mgz --ventricles --erode 1 --o mask/8BY87.anat.ventricles_erode1.nii.gz 
sysname  Linux
hostname m8-20-7.rc.byu.edu
machine  x86_64
user     summerf

input      /fslhome/summerf/fsl_groups/fslg_rdoc/compute/rdoc_freesurfer/150630_RV22YN_31676293/mri/aparc+aseg.mgz
frame      0
nErode3d   1
nErode2d   0
output     mask/8BY87.anat.ventricles_erode1.nii.gz
Binarizing based on matching values
nMatch 8
 0     4
 1     5
 2    14
 3    43
 4    44
 5    72
 6    31
 7    63
binval        1
binvalnot     0
Found 7108 values in range
Eroding 1 voxels in 3d
Counting number of voxels
Found 1086 voxels in final mask
mri_binarize done
mri_label2vol --seg mask/8BY87.anat.ventricles_erode1.nii.gz --temp 003/8BY87_bld003_rest_skip0.nii.gz --reg 003/8BY87_bld003_rest_skip0_reg.dat --o mask/8BY87.func.ventricles_erode1.nii.gz
Number of labels: 0
Annot File:      (null)
Template Volume: 003/8BY87_bld003_rest_skip0.nii.gz
Outut Volume: mask/8BY87.func.ventricles_erode1.nii.gz
Registration File: 003/8BY87_bld003_rest_skip0_reg.dat
Fill Threshold: 0
Label Vox Vol:  1
ProjType:       (null)
ProjTypeId:     0
ProjStart:      0
ProjStop:       0
ProjDelta:      0.1
Subject:  (null)
Hemi:     (null)
UseNewASeg2Vol:  1
DoLabelStatVol  0
LabelCodeOffset  0
setenv SUBJECTS_DIR /fslhome/summerf/fsl_groups/fslg_rdoc/compute/rdoc_freesurfer
$Id: mri_label2vol.c,v 1.34.2.5 2012/06/08 17:31:03 greve Exp $
Template RAS-to-Vox: --------
-0.500   0.000   0.000   55.000;
-0.000  -0.000  -0.500   55.000;
-0.000   0.500  -0.000   34.000;
 0.000   0.000   0.000   1.000;
Template Voxel Volume: 8
nHits Thresh: 0
Loading registration from 003/8BY87_bld003_rest_skip0_reg.dat
RegMat: --------
 1.000  -0.011  -0.011  -0.776;
 0.011  -0.067   0.998  -20.910;
-0.012  -0.998  -0.067  -4.416;
 0.000   0.000   0.000   1.000;
Label RAS-to-Vox: --------
-0.500   0.006   0.006   55.388;
 0.006   0.499   0.033   57.208;
 0.005  -0.033   0.499   23.545;
 0.000   0.000   0.000   1.000;
ASeg2Vol: Building LUT
ASeg2Vol: Sorting 
ASeg2Vol: Mapping
ASeg2Vol: Reverse Map
nmisses = 0 (0 filled)
ASeg2Vol: done
Final ventricles mask is eroded by 0 times in anatomical space.
cp mask/8BY87.func.ventricles_erode0.nii.gz mask/8BY87.func.ventricles.nii.gz
[MASK]: The ventricles mask file is mask/8BY87.func.ventricles.nii.gz
======================= Mask done!=======================

======================= Git: Last Commit of Current Function =======================
*********************************************************************
